gtrieScanner Results
------------------------------------------
General Information

Start of Computation: 20h07m05s 08/05/2017
End of Computation: 20h24m43s 08/05/2017

Subgraph Size: 6
Graph File: "out3_1.txt"
Directed: NO
Nr Nodes: 2880
Nr Edges: 9237

Method: ESU on original network
Different Types of Subgraphs Found [Original Network]: 111
Subgraph Occurrences Found [Original Network]: 488024637
Time for computing census on original network: 1057.576938s
Average time for census on random network: 0.000000s

Number of random networks: 0
Random seed: 1494245225
Exchanges per edge: 3
Number of tries per exchange: 10
------------------------------------------
Motif Analysis Results




0.0 0.302301818182 1.0878285124 3.186765 3.32354365385 6.10087644737 6.56249607843 19.9832416954 28.6700179412 42.2243796667 57.3204398548 117.690803418 164.430916 175.727690661 223.96017884 311.638000255 380.025188419 455.3856395 518.539452785 535.744680429 670.647778949 760.121351872 1131.34861528 2238.57304966 2534.11294384 2866.11152542 3064.19272676 3077.42799944 4229.79791199 4490.24247007 4558.16008474 5989.41698188 6150.502635 6182.08600836 6558.62628429 8672.14691899 12429.0658963 17354.5382905 18384.5797497 20664.7369807 23390.4814214 24786.1099481 31391.2019662 34466.3442816 50744.9450269 53372.763562 55294.824984 61352.6206203 67360.074303 71513.7479395 71620.9502105 72287.56119 95121.6888123 126916.077232 133544.35702 147525.387191 182449.770928 182880.554824 208328.398087 215892.495209 228470.512386 242160.281664 256469.829481 310146.796201 311724.140844 422389.814982 543902.841435 546591.930396 555769.243295 582241.979621 733468.423994 755211.895661 772764.222661 888040.593629 1143111.83807 1168551.49683 1176871.34024 1218294.73281 1301988.97163 1478623.51593 1939572.01708 2121444.4606 2211810.73047 2393602.15788 2729720.36451 3038140.89178 3497316.87985 3893651.95504 4045802.82183 4049305.67922 4931108.73933 6043100.53584 6682461.12861 7196720.10488 7513934.58092 9550582.71016 10173469.6741 10358465.8327 12623613.1722 12774536.1823 14138982.8315 18398111.0466 19911034.5772 22319168.0069 24218660.8546 24432580.2517 24862999.7581 28380972.9197 30621504.6112 33956123.5114 35866332.0941 37707479.5818 
Graph    Org_Freq |  Z-score |    Rnd_Avg +/-    Rnd_Dev

011111
101110
110110
111010
111100
100000   41652526 |     0.00 |       0.00 +/-       0.00

011011
101100
110000
010000
100000
100000   39621677 |     0.00 |       0.00 +/-       0.00

011110
101101
110100
111000
100000
010000   38356163 |     0.00 |       0.00 +/-       0.00

011111
101100
110100
111000
100000
100000   34021472 |     0.00 |       0.00 +/-       0.00

011101
101000
110000
100010
000100
100000   30831848 |     0.00 |       0.00 +/-       0.00

011100
101001
110000
100010
000100
010000   26393630 |     0.00 |       0.00 +/-       0.00

011000
100111
100000
010000
010000
010000   26284827 |     0.00 |       0.00 +/-       0.00

011000
100100
100011
010000
001000
001000   24112233 |     0.00 |       0.00 +/-       0.00

011001
100100
100010
010000
001000
100000   23574211 |     0.00 |       0.00 +/-       0.00

011110
101100
110100
111000
100001
000010   21779711 |     0.00 |       0.00 +/-       0.00

011111
101000
110000
100000
100000
100000   20741084 |     0.00 |       0.00 +/-       0.00

011001
100110
100000
010000
010000
100000   14530336 |     0.00 |       0.00 +/-       0.00

011100
101000
110000
100011
000100
000100   13408459 |     0.00 |       0.00 +/-       0.00

011100
101000
110000
100010
000101
000010   12097603 |     0.00 |       0.00 +/-       0.00

011110
101000
110000
100011
100100
000100   11488726 |     0.00 |       0.00 +/-       0.00

011000
100100
100010
010001
001000
000100   10917769 |     0.00 |       0.00 +/-       0.00

011111
101111
110111
111011
111101
111110   10872017 |     0.00 |       0.00 +/-       0.00

011111
101110
110100
111000
110000
100000    8000579 |     0.00 |       0.00 +/-       0.00

011111
101000
110000
100010
100100
100000    7522329 |     0.00 |       0.00 +/-       0.00

011111
101100
110100
111000
100001
100010    6856714 |     0.00 |       0.00 +/-       0.00

011101
101100
110010
110000
001000
100000    6451743 |     0.00 |       0.00 +/-       0.00

011111
100000
100000
100000
100000
100000    5821377 |     0.00 |       0.00 +/-       0.00

011100
101010
110001
100000
010000
001000    5039894 |     0.00 |       0.00 +/-       0.00

011111
101100
110000
110000
100000
100000    4489897 |     0.00 |       0.00 +/-       0.00

011111
101111
110110
111010
111100
110000    4341127 |     0.00 |       0.00 +/-       0.00

011110
101110
110101
111000
110000
001000    4253942 |     0.00 |       0.00 +/-       0.00

011100
101000
110000
100011
000101
000110    3093251 |     0.00 |       0.00 +/-       0.00

011110
101100
110000
110000
100001
000010    2828723 |     0.00 |       0.00 +/-       0.00

011100
101100
110011
110000
001000
001000    2608515 |     0.00 |       0.00 +/-       0.00

011110
101101
110000
110000
100000
010000    2585748 |     0.00 |       0.00 +/-       0.00

011111
101110
110110
111000
111000
100000    2247631 |     0.00 |       0.00 +/-       0.00

011110
101110
110100
111000
110001
000010    2128818 |     0.00 |       0.00 +/-       0.00

011111
101111
110111
111010
111100
111000    1783646 |     0.00 |       0.00 +/-       0.00

011100
101100
110010
110000
001001
000010    1693990 |     0.00 |       0.00 +/-       0.00

011111
101111
110111
111011
111100
111100    1375854 |     0.00 |       0.00 +/-       0.00

011111
101000
110000
100011
100100
100100    1311797 |     0.00 |       0.00 +/-       0.00

011110
101101
110010
110000
101000
010000    1294552 |     0.00 |       0.00 +/-       0.00

011110
101110
110110
111001
111000
000100    1268106 |     0.00 |       0.00 +/-       0.00

011111
101110
110100
111000
110001
100010     945534 |     0.00 |       0.00 +/-       0.00

011111
101100
110010
110000
101000
100000     825763 |     0.00 |       0.00 +/-       0.00

011111
101110
110000
110000
110000
100000     772978 |     0.00 |       0.00 +/-       0.00

011100
101100
110011
110000
001001
001010     712830 |     0.00 |       0.00 +/-       0.00

011100
101100
110010
110001
001000
000100     703617 |     0.00 |       0.00 +/-       0.00

011111
101111
110100
111000
110001
110010     686288 |     0.00 |       0.00 +/-       0.00

011110
101100
110010
110001
101000
000100     647043 |     0.00 |       0.00 +/-       0.00

011111
101111
110100
111000
110000
110000     634314 |     0.00 |       0.00 +/-       0.00

011110
101110
110001
110000
110000
001000     518132 |     0.00 |       0.00 +/-       0.00

011011
101100
110000
010010
100100
100000     372915 |     0.00 |       0.00 +/-       0.00

011010
100101
100100
011000
100000
010000     329341 |     0.00 |       0.00 +/-       0.00

011100
101010
110000
100011
010100
000100     306800 |     0.00 |       0.00 +/-       0.00

011111
101110
110101
111000
110000
101000     294567 |     0.00 |       0.00 +/-       0.00

011111
101111
110110
111000
111000
110000     253781 |     0.00 |       0.00 +/-       0.00

011000
100111
100100
011000
010000
010000     252504 |     0.00 |       0.00 +/-       0.00

011111
101110
110110
111001
111000
100100     214971 |     0.00 |       0.00 +/-       0.00

011111
101110
110001
110000
110000
101000     211366 |     0.00 |       0.00 +/-       0.00

011110
101101
110100
111000
100001
010010     196862 |     0.00 |       0.00 +/-       0.00

011000
100110
100100
011000
010001
000010     177262 |     0.00 |       0.00 +/-       0.00

011000
100110
100101
011000
010000
001000     159646 |     0.00 |       0.00 +/-       0.00

011000
100100
100011
010010
001100
001000     121707 |     0.00 |       0.00 +/-       0.00

011101
101000
110000
100010
000101
100010      94032 |     0.00 |       0.00 +/-       0.00

011100
101010
110001
100010
010100
001000      86305 |     0.00 |       0.00 +/-       0.00

011111
101100
110010
110001
101000
100100      84949 |     0.00 |       0.00 +/-       0.00

011111
101111
110110
111001
111000
110100      79633 |     0.00 |       0.00 +/-       0.00

011111
101111
110111
111000
111000
111000      66011 |     0.00 |       0.00 +/-       0.00

011110
101101
110010
110001
101000
010100      65849 |     0.00 |       0.00 +/-       0.00

011011
100110
100101
011000
110000
101000      65570 |     0.00 |       0.00 +/-       0.00

011100
101010
110000
100001
010001
000110      63730 |     0.00 |       0.00 +/-       0.00

011111
101111
110000
110000
110000
110000      58638 |     0.00 |       0.00 +/-       0.00

011110
101110
110101
111001
110000
001100      57284 |     0.00 |       0.00 +/-       0.00

011110
101101
110011
110000
101000
011000      37413 |     0.00 |       0.00 +/-       0.00

011101
101100
110010
110000
001001
100010      33091 |     0.00 |       0.00 +/-       0.00

011010
100110
100101
011001
110000
001100      26194 |     0.00 |       0.00 +/-       0.00

011110
101110
110101
111000
110001
001010      22762 |     0.00 |       0.00 +/-       0.00

011100
101100
110011
110010
001100
001000      22383 |     0.00 |       0.00 +/-       0.00

011101
101100
110010
110010
001100
100000      19968 |     0.00 |       0.00 +/-       0.00

011110
101100
110011
110010
101100
001000      18589 |     0.00 |       0.00 +/-       0.00

011111
101110
110101
111000
110001
101010      15969 |     0.00 |       0.00 +/-       0.00

011110
101101
110000
110000
100001
010010      11870 |     0.00 |       0.00 +/-       0.00

011100
101100
110010
110010
001101
000010       8429 |     0.00 |       0.00 +/-       0.00

011101
101100
110011
110010
001100
101000       7679 |     0.00 |       0.00 +/-       0.00

011111
101100
110010
110010
101100
100000       7024 |     0.00 |       0.00 +/-       0.00

011000
100100
100010
010001
001001
000110       6945 |     0.00 |       0.00 +/-       0.00

011111
101100
110011
110010
101100
101000       6511 |     0.00 |       0.00 +/-       0.00

011100
101100
110011
110010
001101
001010       6072 |     0.00 |       0.00 +/-       0.00

011100
101100
110010
110001
001001
000110       3758 |     0.00 |       0.00 +/-       0.00

011110
101101
110011
110010
101100
011000       3575 |     0.00 |       0.00 +/-       0.00

011001
100110
100110
011000
011000
100000       3328 |     0.00 |       0.00 +/-       0.00

011000
100111
100110
011000
011000
010000       3242 |     0.00 |       0.00 +/-       0.00

011011
101100
110000
010011
100100
100100       3127 |     0.00 |       0.00 +/-       0.00

011101
101101
110010
110010
001100
110000       3053 |     0.00 |       0.00 +/-       0.00

011110
101100
110010
110001
101001
000110       2243 |     0.00 |       0.00 +/-       0.00

011100
101010
110001
100011
010100
001100       1400 |     0.00 |       0.00 +/-       0.00

011000
100110
100101
011000
010001
001010       1317 |     0.00 |       0.00 +/-       0.00

011001
100110
100100
011000
010001
100010       1233 |     0.00 |       0.00 +/-       0.00

011111
101110
110110
111001
111001
100110       1166 |     0.00 |       0.00 +/-       0.00

011110
101110
110110
111001
111001
000110        791 |     0.00 |       0.00 +/-       0.00

011111
101100
110010
110001
101001
100110        783 |     0.00 |       0.00 +/-       0.00

011110
101101
110010
110001
101001
010110        453 |     0.00 |       0.00 +/-       0.00

011111
101111
110110
111001
111001
110110        432 |     0.00 |       0.00 +/-       0.00

011101
101100
110010
110010
001101
100010        312 |     0.00 |       0.00 +/-       0.00

011110
101110
110101
111001
110001
001110        225 |     0.00 |       0.00 +/-       0.00

011100
101100
110011
110011
001101
001110         99 |     0.00 |       0.00 +/-       0.00

011100
101100
110011
110011
001100
001100         90 |     0.00 |       0.00 +/-       0.00

011110
101100
110011
110011
101100
001100         88 |     0.00 |       0.00 +/-       0.00

011111
101100
110011
110011
101100
101100         82 |     0.00 |       0.00 +/-       0.00

011100
101010
110001
100011
010101
001110         81 |     0.00 |       0.00 +/-       0.00

011110
101101
110011
110011
101100
011100         59 |     0.00 |       0.00 +/-       0.00

011001
100110
100110
011001
011000
100100         24 |     0.00 |       0.00 +/-       0.00

011000
100111
100111
011000
011000
011000         10 |     0.00 |       0.00 +/-       0.00

011110
101101
110011
110011
101101
011110         10 |     0.00 |       0.00 +/-       0.00

011110
101110
110001
110001
110001
001110         10 |     0.00 |       0.00 +/-       0.00

