36929
672
15942
31324
71494
60932
40777
4117
66803
44591
35138
33304
69431
32290
14616
43244
72564
6132
7427
30492
16098
21617
30471
20165
58941
56385
18928
4225
46079
4033
26581
71804
49820
59104
6090
10126
51172
75431
36852
70981
15295
52470
20392
53226
58578
9957
67905
49101
45215
10366
42472
26602
17835
67370
23991
13447
59749
27224
22757
8144
72606
44772
55451
70668
17596
29247
16707
31316
68903
56265
14615
50029
30829
45718
47068
21243
28697
25562
55574
55181
21582
21557
43867
48809
19945
52380
63779
33281
39582
64162
19252
72272
53516
39265
19762
65
48911
17848
55647
57284
24213
52015
53139
39657
64551
43040
33799
9888
46387
10978
38380
16092
45449
60110
51375
43213
14753
74489
55125
10944
39226
74994
38927
19642
52416
76208
30114
25252
52636
3614
61105
20357
1006
16853
5403
11237
43808
45006
21100
29480
63017
31219
11412
9655
40182
26548
23827
55525
6784
19924
76509
56740
5999
57517
34403
21424
64810
13569
67133
24799
56487
38887
45773
31329
44485
35150
2593
4036
43355
51427
33686
46744
60453
67246
12459
77225
16003
11279
37810
71262
63741
76395
38862
54108
42785
16163
54755
21610
75785
46075
56576
15698
72958
15571
36083
51066
73871
8954
38194
36593
